410
2233
7337
1966
4549
7375
6555
7042
5760
1943
6259
2597
7746
9901
6776
8608
1086
2920
7429
6514
1957
9234
60
2348
3066
7249
846
5845
4373
893
1403
8717
5894
5906
4833
8334
8491
6523
8547
6559
6350
729
5550
8887
7449
3876
9892
3970
7846
9292
9798
8066
6647
1731
6276
2579
8306
80
7833
520
7829
4370
4632
9490
3347
7702
7932
5247
8009
8707
8523
8169
1878
4804
5296
7069
9771
3322
7281
3083
9986
3701
6504
4035
96
4275
7884
6069
330
9857
1235
5069
4301
6505
5644
3062
6192
3488
6394
4775
875
177
2435
3373
6421
9645
4238
4240
7546
9467
4005
2264
5501
6391
7008
6870
3697
959
7914
2975
6248
3499
1482
4434
8027
396
6590
8742
6952
685
5403
3973
5335
5850
7953
145
5535
2118
2648
7660
9596
9640
232
1928
654
4235
4796
57
1863
8506
3001
5933
3866
2932
6960
8038
1175
9017
4495
9150
5248
2866
370
6692
2151
9229
9349
8867
1937
1513
2556
1688
1043
790
8728
8383
8650
2407
9542
3535
8068
1107
6885
6012
7579
4013
411
5851
7982
4091
8673
6004
424
6141
1855
5021
8168
525
5548
2878
6822
6444
8309
885
8400
1347
5713
1580
6951
545
4904
450
3994
4004
3435
2727
1978
5875
6491
2056
4038
1453
9483
6691
1123
1598
176
6481
4335
3144
6498
279
573
8988
3882
5212
2522
8804
5384
6985
9166
4826
6749
3923
166
864
5892
4800
984
4166
3928
1756
9083
8064
5472
3911
7704
8517
5444
3722
4242
4944
6648
3092
8180
8757
7091
2499
9395
5785
7580
4090
8748
1360
3105
1425
5391
9740
5482
7665
7007
7610
2633
3506
5160
4666
7085
3296
1801
4770
8446
2766
5599
6388
1333
1128
4209
8287
2440
1170
7275
2173
5250
5885
2232
8431
9374
9765
465
8301
7774
7468
3735
4189
5131
4272
1718
6398
3375
587
6758
8214
861
9446
3940
1212
5093
4533
1203
4744
3652
9675
3353
7193
185
7326
361
2685
8308
8204
175
1550
6214
5789
7551
7960
8156
6756
5825
9422
4812
8087
7119
8442
5540
1484
8863
7314
5655
498
8567
2922
4970
4040
363
4271
6338
1602
8966
1223
3930
616
4145
6684
9913
9387
8797
8752
7727
9300
2025
9255
6331
4384
943
6813
443
8894
4720
5061
6840
9739
6157
2916
8674
7714
3893
5213
3002
7494
7403
3215
3010
8659
3691
2458
7118
5376
8242
9572
3433
1037
6254
3608
1032
2347
5826
6003
7683
4412
791
5736
6829
460
2136
9214
6989
7485
7283
6270
2255
4751
3675
4721
4322
6281
9519
2496
6400
8982
6641
8760
5863
4366
716
4279
3421
8958
6070
3971
8269
7819
3165
1090
6819
8249
1276
5677
4651
2719
8221
6576
8598
4267
852
6814
9471
6516
6803
7470
9550
6596
1350
2776
1788
5025
5476
9069
4680
7253
9660
4006
8591
2588
7070
3284
3190
9268
5964
6147
392
3877
9409
7145
1695
3995
9962
1334
1321
9797
952
8513
1701
3107
1330
4552
3606
6799
3348
8521
8206
9784
8852
91
7509
1642
227
7567
1751
3099
5578
9964
6224
4608
6575
8794
8928
986
4221
1337
8606
9408
7374
6620
1832
1959
1379
6097
1764
9321
6864
2181
6121
4692
4823
4654
7878
9231
6013
6486
1638
5800
7634
1292
4400
9340
7728
143
3767
4420
2234
5154
7344
7816
1137
2229
3830
5196
5911
4114
8845
7859
5651
9849
7072
9390
99
11
1089
1318
2459
2998
1456
5590
1869
4776
2914
2662
1434
5304
1193
2368
8665
4620
171
6519
6195
9792
6166
747
9463
8838
9350
8609
4741
8896
283
2145
9386
3108
2991
9313
9877
1431
9068
8649
6708
800
4052
6992
9656
830
7562
6219
5532
5587
2110
6030
8278
8033
9825
4703
1769
8754
2006
3391
2452
9794
9378
2893
741
8956
4377
7222
9869
5124
9280
9326
636
5330
9707
9965
9504
1105
4010
5173
9676
6364
2542
1209
1222
5938
6008
9354
273
2656
8892
4551
5927
488
3908
2322
700
1538
3050
1463
9552
1345
9239
2423
779
5102
5574
6949
2741
633
3196
4167
5896
259
5224
7021
7171
9940
1397
4682
360
6639
4356
501
5113
9432
4009
9975
675
8371
3603
3405
4645
5297
7126
5032
6202
5381
8303
8883
4760
4783
9396
9112
8860
1671
9757
7624
9527
7996
2333
2853
6900
7904
7779
1579
8503
3621
341
5732
8173
3972
5974
4096
8123
8364
9525
9521
67
4135
9410
7539
5036
4081
5280
8875
3889
4328
1829
9043
1196
8088
6464
7319
951
1462
2431
242
1736
6642
3427
7142
2874
8187
4996
8933
2599
8097
9503
1160
3071
9514
9488
6637
1711
5510
4310
3209
3380
7201
7987
5544
3183
6993
4308
5948
5127
9309
3432
750
9126
1054
35
366
3967
3384
1030
3007
8467
3758
5218
4021
1413
6217
8685
3154
4984
2887
162
8118
665
3077
4453
2601
8593
2240
5194
1647
3650
7341
6321
4208
3678
1308
4891
4555
6730
6306
7808
1429
5862
2432
7379
4883
1820
4117
161
6206
9180
2241
8980
270
2516
2768
975
9095
3999
9909
2484
469
2187
8070
9406
6247
7457
3757
3754
5148
5668
309
1003
1219
4616
5955
221
9918
8289
9216
795
9273
6789
8583
891
6448
3336
5278
6921
4261
3109
996
8313
405
2096
8813
7175
1286
8612
8994
3035
7839
3389
4814
2236
8363
3136
7641
7858
8055
9181
3988
4653
1455
9826
3263
9759
2069
4061
5751
1041
6536
4706
5930
3242
1159
3024
246
7489
9142
3532
7695
1384
8545
4853
917
3795
6309
3104
3106
9028
7105
602
5764
8923
94
1188
9147
7772
9539
4957
9289
123
6135
2271
6174
5629
8279
9270
1885
6438
739
2104
8275
6201
52
8807
8237
6926
4578
4173
2937
3574
2649
9856
8979
1056
4232
1280
1112
6245
2192
8854
8197
6994
5628
71
2708
9333
761
2295
2767
6746
5883
802
1903
9235
6316
9368
2263
2400
301
651
5622
1971
6613
5156
3340
1352
4547
7315
6747
4931
3782
1114
2443
5291
3127
4892
5663
2447
9802
9897
9561
7368
5926
3508
4934
7421
9051
3096
8565
6986
4480
2216
2502
811
5378
308
198
7673
1532
4754
1738
5917
6594
3607
2861
4648
6283
6512
6586
9917
3223
251
2087
8202
9329
5740
673
2948
319
8497
3365
1705
4103
8634
6412
9506
5339
4203
4582
7454
5423
2985
2651
8678
8769
9263
5475
968
8745
3617
79
6262
5657
3017
815
3339
5697
1881
1367
1119
7170
1019
5132
4170
5810
3037
5033
5803
4174
2072
7754
196
8108
9153
1422
7984
6830
8681
4171
2756
9196
5363
3014
4969
4614
2726
2930
2282
287
4705
2610
8022
3246
6049
178
4631
6701
530
5387
876
4177
2967
5611
560
2011
4260
3609
7599
500
8128
4624
4247
4837
135
7725
2306
8777
8234
407
4856
8932
193
9054
2744
3394
5610
7358
5331
1363
6875
7950
6414
5515
9563
8832
4313
3417
1250
9269
6583
6846
4852
4360
457
796
4810
2492
2014
5819
2154
9318
5262
7717
3812
6786
3589
5141
1184
6397
4390
5314
4274
5016
930
1988
7940
4945
7600
6014
5265
2669
2793
9493
2724
3865
8931
4466
6025
8366
4786
4101
1478
2639
470
8601
7398
6230
2276
8534
4121
9030
7101
241
380
4976
9037
2527
7188
6902
1236
7144
2526
1828
7744
4347
2520
6056
3323
9425
2615
3191
2302
4479
1958
2429
4419
8739
160
7769
8904
8862
5382
2830
1665
9005
7197
3408
7758
9307
3780
2012
2392
5833
8579
9789
4502
4504
647
5747
4276
7795
9319
7596
7164
1428
8533
1237
3961
6658
8277
4803
3810
1194
5674
4930
2834
4477
9468
3237
207
4948
8811
1198
6841
8305
3550
452
4612
1063
6048
7103
8830
992
7663
6881
8167
6237
5434
7424
8013
7893
7706
367
9375
2460
1326
6131
7738
8155
6204
1224
902
6852
2297
3166
4105
3573
5137
3858
6373
3546
4526
4627
8914
3592
8909
1987
4873
1163
6728
3049
2160
3538
6770
1562
3571
1974
5020
4053
1771
4449
6396
5065
5723
4298
8706
993
6267
3100
2253
4317
7867
471
5643
7700
5398
4194
1819
2983
9249
3368
6755
4147
3202
2804
4658
5277
1950
1117
4345
8194
8352
9175
4821
8409
5561
3315
8345
2755
3595
3041
7630
5038
973
3602
8245
5652
9948
2340
4307
9025
8821
1809
9618
1752
8356
1543
7304
8441
6050
7686
4844
8693
8330
6526
3387
3431
1945
3199
3647
4861
5516
1202
6349
7892
1151
9048
8388
2700
5029
1357
5293
1587
699
5777
3518
4875
398
5448
9482
6733
7730
7364
8121
7418
9680
9927
7622
5034
74
6429
4066
5943
7011
4042
2684
8397
5925
7187
2618
4041
6919
7071
8646
3006
7113
8619
2479
1071
4697
4415
1727
8941
8828
5431
2589
8362
8901
1348
7354
783
4665
6111
4550
3220
5400
6939
7644
8021
3714
882
1074
2238
3698
296
4581
2024
5931
3715
1093
8188
4960
4210
6426
3947
5018
3054
9053
5188
7690
724
212
4418
24
769
7628
78
8683
2608
3320
2402
9019
5762
1707
8532
5754
4933
2245
2303
5463
3695
3598
2284
9615
1664
7552
6071
6538
3915
9401
8031
6849
2655
3837
2959
8233
3982
5242
5100
1068
7737
3117
5058
884
8382
4175
1191
1252
3141
9762
8401
1279
9835
6836
4973
1157
6332
5857
7860
8326
1354
6772
1412
7352
9164
7747
8709
6759
9154
3738
5150
4281
2273
8800
7301
2565
4109
3468
1660
7009
217
3753
8327
1126
537
3661
9769
4851
8416
9510
5880
4106
3517
9971
5609
4206
7810
5046
3231
742
9087
5554
9972
9979
1524
6256
1534
6883
8019
2031
1454
9337
3816
9608
8837
5380
9414
1826
9763
9813
7836
831
1103
3490
8701
5818
3576
2872
294
1724
4584
3118
6963
4566
3252
1506
5144
8044
2712
3696
3326
3269
9557
4229
1475
6954
4915
7423
8652
8294
9367
963
1245
7768
7020
2564
6346
8730
7451
4226
6752
7701
4644
6761
6754
1921
1680
9860
4044
6472
1122
953
8581
7343
718
1844
2689
3379
2933
4617
3833
2037
1922
6120
4452
2291
247
4975
4358
8464
6955
7026
8016
4043
6231
5329
5615
9558
4439
1036
9438
3409
2758
5162
8844
6006
77
2406
8723
8955
4074
4893
9611
2892
6997
4483
7954
1616
2272
9461
8869
7515
7431
4702
8475
5070
5749
9296
6187
5309
5494
2399
7666
2885
3351
6441
4031
1012
6213
9454
3414
9293
775
3580
5205
7830
1807
9545
7241
1079
5970
7182
6286
5302
2904
4319
9577
4050
5888
9970
3422
2075
978
5700
1827
9443
2376
2134
1407
2244
4640
3772
7411
3913
6698
777
7289
8172
5226
7428
7356
4795
348
225
5220
9059
6447
6911
7807
7047
8644
2377
4832
1084
9868
7507
6482
631
6725
8276
9360
6544
1131
7262
4897
6454
8171
9399
379
9015
8620
6058
7064
9800
8418
9421
4172
7242
5121
5337
2805
9371
5695
4144
4761
5924
7662
9188
1577
2729
187
6884
8141
1149
1466
5146
5791
8544
2595
6660
8050
8778
7635
64
1289
582
2957
539
6948
2256
1008
7611
4596
4590
4470
3444
9423
6697
6942
435
4725
9508
5805
6880
1520
5074
9547
4357
5256
7852
2152
4820
3929
859
9778
2730
7039
2512
9376
4672
2907
1199
4950
6239
9347
4767
9870
9128
3143
290
157
9285
1592
3931
8461
4781
4729
1028
8625
2213
5462
850
1398
8323
4854
3748
5533
913
275
2175
299
9821
437
9323
4862
8747
4571
6628
2035
3122
9848
6375
5986
9820
2203
8235
8535
7169
8856
9607
652
3084
711
3164
7092
5730
9666
4619
2696
3612
2093
6342
6032
9163
1124
3451
2325
7713
3087
562
534
8076
1408
969
4499
2544
8347
6125
334
833
548
2482
8420
9436
5790
6598
6549
8796
2636
6593
6384
6087
6969
7097
9138
5897
7847
9060
1759
4150
1314
2177
2890
7111
45
8490
8065
4712
3563
9752
8254
2289
2299
3699
7513
7913
218
0
1406
6817
8081
8224
1100
9779
8566
3101
1248
5175
1468
4927
657
7541
1760
2082
5763
1559
9651
6936
7613
1593
3728
6677
1272
4618
8462
1141
4699
6666
9816
9642
6622
4049
8127
1445
9980
3200
9394
2551
3729
6018
9458
3116
9256
7099
3566
6539
9620
639
784
5936
5087
788
7260
7335
6473
5217
3239
9004
2043
8786
4443
9007
2138
9663
4284
7620
6854
1449
3719
8199
5995
5758
6099
8012
9485
6249
485
9719
4791
4385
8337
9439
608
6946
2614
1633
7957
5890
3770
6668
4733
3016
725
5968
7195
8516
3155
4113
7276
4615
2360
2891
6123
1508
6898
5830
8112
5735
5934
5491
3707
8430
4558
9311
1952
6774
8015
7426
4348
5453
4023
8902
6278
3173
9066
7296
9592
2330
4685
8350
4216
5009
3909
9136
4909
9144
6775
7340
9828
3168
1287
4605
5928
5558
2810
1081
5576
849
6591
4492
1018
7502
9704
7029
1762
9243
596
4667
9212
8498
7777
6706
3386
4214
6149
343
300
4839
7496
390
1118
7226
6326
6329
3004
2260
5585
853
8919
7137
3272
752
1058
7597
8851
710
4332
4763
6557
5415
5347
4450
4768
5545
4633
3792
6091
8798
9159
1085
559
331
8930
1884
8576
1025
6511
8939
8385
4388
4952
9027
429
5503
1856
3454
538
626
9173
7327
1065
3553
3616
4465
2478
4266
2363
2127
1585
5359
7929
377
9783
6779
5816
6313
1934
2420
6251
2850
497
9700
7216
6148
1120
2217
4262
5105
7246
5720
4069
1702
7721
2992
5017
3281
6150
1435
5854
7488
4137
3555
7773
4367
5529
5919
994
5662
6061
2178
6340
8178
1217
320
6129
3759
6172
5915
4557
6802
6542
9629
4402
7632
9002
2366
3198
954
5499
1373
6369
7233
3693
7656
6057
1127
8386
6713
310
9736
5223
6386
6024
1182
2728
8406
6781
9541
5639
7477
9648
1522
1231
7
672
1332
9093
8808
6625
9174
5354
3367
9442
5110
8986
3881
8328
4986
890
6393
7351
9791
2631
9652
5178
117
9787
2694
3162
7800
2848
5474
7450
284
3614
2488
3089
4999
6893
9275
1096
564
3706
2446
9981
8859
4088
2433
4139
1733
3918
7590
7504
605
6976
5869
2397
4296
797
2195
114
3039
226
2695
2796
125
400
3857
1910
5541
7563
8368
375
949
3541
5682
9687
565
6607
2102
8393
6261
1541
7986
2030
7911
1144
7642
3686
4116
5900
2765
402
1013
3481
4879
2074
9758
8028
3038
7788
4575
9942
728
5648
2704
5743
1685
6889
7674
7751
7879
1599
2716
2831
2886
4687
5407
8676
910
7897
1597
2877
7181
4316
9327
8599
8972
6495
7062
9899
5210
2925
6093
2220
1745
8489
4739
8559
7331
7691
5528
1000
5586
208
3052
7018
1854
8288
7388
5111
6156
635
4700
8705
7294
9890
3275
4290
1537
7822
3643
9649
1936
1110
381
9362
6517
9637
7989
37
8622
9382
8161
1016
4241
5852
7975
1319
5592
4923
8045
2171
9315
2135
7587
862
8878
2449
8358
2840
5619
6699
3624
1256
738
2313
4977
303
5035
56
7681
6232
8201
1044
3836
3910
8196
8840
1297
5910
7157
248
325
5060
1438
5678
1291
8426
6322
5159
4028
3150
8336
5721
5284
8735
6934
8661
1437
2243
5624
295
8991
5999
5891
6279
2701
2760
2791
662
2445
231
6415
7469
2575
7360
6744
1789
7554
4185
7370
8632
6040
8335
9076
7174
5509
6404
3983
6439
4476
3519
7150
9261
970
540
3604
5989
3288
8480
1046
6353
628
1239
9894
6402
1608
8803
692
3540
5831
8329
7392
2617
8926
7718
9179
6474
2717
5945
1573
1741
6052
8702
3992
9662
3927
4517
5997
991
8433
9132
6899
3458
8704
9064
58
5725
1264
7917
4799
4980
134
8250
8103
7123
5189
9780
528
4597
1805
3264
4489
8541
4639
7448
5593
5513
8903
1540
768
5235
5165
6377
8996
5438
5486
9208
289
9755
1965
1155
1571
6288
8135
5603
4416
9966
9924
4072
7864
7313
5822
2279
1802
6416
3670
2132
201
7347
997
3536
8569
4027
1640
4805
256
6423
3399
4834
53
5518
4951
1641
6905
6726
6035
4178
6661
4015
6897
4747
2158
6612
7466
2672
8274
4894
7040
3639
805
2227
7077
3671
9681
3765
3963
6215
9260
7081
7732
8950
2112
1682
9010
3397
6811
7141
1786
4394
3067
7643
2641
9952
7153
2613
5904
110
6073
2714
8485
8957
7770
3131
26
12
4738
1227
6001
2157
3534
8286
967
7235
315
6471
6892
6117
1168
3725
5631
3894
9627
858
9238
2257
3950
3382
8974
2895
4017
589
3990
6223
7015
4104
72
2976
5259
2408
2001
9943
9744
819
6553
4056
7445
6449
2666
9546
511
5084
2732
1206
4778
3306
3760
4059
7336
3329
5562
8047
8866
4798
3859
4327
3210
4361
349
8849
6199
3251
7739
1329
116
2214
8949
8290
5956
935
6154
7854
7259
3554
133
1512
9974
3413
9130
4304
3934
570
3019
4901
9731
1893
5614
5570
1619
3570
9160
5654
179
4637
3302
8389
8759
5155
2373
170
6132
5724
8132
8354
8712
1433
413
5636
7685
513
8332
8968
7831
8236
4127
2707
3809
5401
4625
4461
9916
6667
1495
6501
569
7271
5272
5075
7920
46
4513
1395
88
3484
7805
1161
1808
8940
8542
5920
4128
2188
1887
4295
5174
4860
4759
4437
7447
9259
8761
7078
1539
4392
8907
6823
905
3591
6118
3653
7625
2583
9204
2196
1509
7486
1301
5755
200
7851
8784
668
2503
2361
5873
925
4732
745
5445
3838
7525
8642
1474
5527
3731
9760
6581
9804
8427
6554
6540
321
6095
2505
872
2193
5239
6275
2108
2065
6114
7977
941
4716
1991
428
6307
5658
7868
2550
2898
3743
5909
3627
6937
1849
7791
8695
7173
4626
7782
7476
6751
6565
3668
8182
8640
4019
1836
1667
9272
2823
3644
4671
3072
2572
4058
3235
6916
6405
4162
6196
8727
7731
4598
92
4539
9520
7508
3370
3605
3195
3688
3449
9187
174
484
1349
6443
8116
5647
6679
1515
5793
4723
268
2792
8376
1655
9613
7574
1353
9031
4564
8691
1656
6178
8908
7947
6653
9682
1336
1979
703
7503
1954
6305
4447
5315
3531
6507
7514
6019
2902
3226
5241
9830
9108
9022
6644
7215
3359
4075
2046
445
9148
4401
8877
6824
1002
9926
1386
6015
3660
5500
4039
9200
6833
4217
743
6915
8662
6513
2557
1824
5524
7834
971
9361
6878
5715
6588
4990
9614
4995
851
6234
1942
5350
8552
9818
2254
1812
9363
9062
5374
6419
5812
6945
618
5312
2721
5371
985
1875
7415
5440
9424
1997
8246
2491
3491
7533
961
5483
9590
9602
2530
4030
1620
5054
5497
7090
1886
3683
812
6784
6080
5705
4202
5088
468
8119
8589
4556
1822
9092
9415
2086
2358
9227
6007
2751
4497
7973
6543
8163
7273
1134
3301
7512
8518
1547
8671
6026
6358
3197
9116
844
6705
5290
3936
4334
8255
4131
8040
1879
818
8611
7981
6299
8227
4887
9621
2382
7931
7899
4164
4025
5569
4151
1095
9562
4841
2835
7537
1693
5671
233
7437
1624
2674
9398
7609
9413
8291
3138
8265
4198
4368
9782
7389
9505
6520
120
3613
1492
834
1581
7583
6683
740
8746
3297
5596
8827
8538
7783
7865
2267
7560
4078
3705
3987
7433
920
1327
6714
1623
4731
2745
9720
4342
2071
1767
8791
5341
5366
855
2924
6140
7243
3055
5305
8501
4430
571
2903
2934
1806
7889
2481
362
7179
5390
4181
6940
7806
7318
180
3434
6106
7602
8924
3156
4124
8283
6577
4679
1784
9851
7877
6207
2753
7440
5245
8090
3184
2533
1375
755
5744
5514
1648
6792
1135
2654
2365
3428
7460
5536
9119
7942
823
8694
1895
6927
121
7736
6452
4190
6508
8638
4438
5502
3891
8343
4424
9606
8736
8835
9099
1815
9772
2894
3958
6941
5037
981
9554
9494
6385
1545
1929
3036
1606
3900
3776
5937
7586
9182
169
4905
5765
95
8472
6959
3575
9766
3708
6874
1810
1359
6356
8551
6635
6585
186
5406
7741
347
4577
9072
8577
139
558
1730
5004
6382
2190
2436
3130
5351
7041
895
765
5567
7785
5456
2455
5798
7394
8436
4230
4152
2225
7566
8004
2606
7267
542
8679
3964
2480
2603
5022
2032
3808
6347
5640
6739
354
4223
3942
1797
817
1909
3649
6348
8384
7298
1364
9639
3831
1190
3149
7367
1650
8689
8874
987
350
8496
9689
1205
8913
8660
4661
6548
7453
9342
5884
5591
3003
9073
3611
1401
552
2317
4880
6930
4488
2294
5077
4978
6767
4895
5877
8148
3418
159
2265
3441
3709
6180
5538
9262
6381
1569
9751
715
4273
5613
9330
2275
4149
9904
3295
2487
3022
8006
5185
3976
6072
8857
4886
9839
2250
5881
6877
4084
5184
7608
3527
1918
3822
9081
1034
2414
6970
8772
8557
2945
8410
2390
787
4541
8594
3009
1644
9094
7295
1553
2880
7526
2167
5977
6090
5547
6629
9430
2929
1737
3254
9551
3115
2868
9135
670
1197
764
3464
7257
1523
1317
8718
7880
2464
4787
2246
3710
4507
6459
6956
9441
5746
8381
3925
1010
1888
328
7667
6208
1610
4792
8455
4749
9287
50
8573
6475
8139
1531
312
6194
8428
4048
1497
2201
9850
5466
8540
5251
6308
1542
2091
4838
8069
9352
3676
1374
4442
7961
4531
5530
7759
1355
8299
1964
5683
4757
5200
719
8651
3501
4622
4176
9118
7237
4393
7385
9306
9945
9021
8876
7582
6370
5289
4694
31
6126
720
5659
2448
5282
6558
5617
9692
5616
937
1880
3487
8215
6605
8379
6000
3420
4538
5092
6909
1186
2008
84
6816
313
7417
3500
6243
2076
1716
597
8460
1371
6403
7407
7270
9049
2660
1115
6745
8770
9209
6112
1778
4312
8504
2064
3818
6991
115
964
5343
7413
6731
3393
8001
5258
7266
921
9161
4037
5717
490
8954
3176
7817
8603
1499
2475
6810
9536
5379
4900
3888
960
5496
6450
7760
2199
7390
2106
7467
2438
4299
9976
4463
9178
8782
9683
2200
4968
8944
5311
8885
6216
2165
3852
1469
8008
5557
7553
8423
3363
4098
2780
1130
49
4726
2754
4410
9170
142
6654
7809
1166
5478
378
5889
2585
607
8138
1246
2690
7109
9799
2657
2068
2547
3372
7797
6545
229
7811
8263
2042
522
2080
2541
543
4157
2581
9133
4704
5842
6468
1873
9947
5712
8264
2943
4065
6848
5689
6116
2611
3704
3654
4130
7330
8020
2769
7239
9075
7812
2061
3581
7564
8414
7224
4994
9517
3245
7190
6579
1024
4083
6876
7252
5169
5322
7994
3260
4936
9984
3029
8453
2094
4484
3804
9741
2142
8311
7516
9162
3070
9240
9456
8302
4233
7033
2174
6528
3110
1346
7251
5436
3317
4020
5876
3330
9531
81
2938
6047
1167
237
206
2705
7455
5739
4600
1241
2292
23
8831
2812
5418
2637
9673
1361
7532
2100
2722
5784
3825
6462
3924
1136
3025
1267
4985
9457
8749
4974
5768
6153
8572
694
9896
3128
3739
2580
5246
1595
216
1576
6145
4291
9883
1302
2334
8452
9879
7027
3238
5325
8529
1609
1208
9198
3321
9
6944
510
600
4228
916
7818
2896
4646
1312
7436
5318
8056
3124
3158
4197
4032
9907
1818
524
6021
9070
7581
3133
2739
7573
3388
7236
6769
4016
5308
5563
3640
304
998
6521
814
3139
8585
3713
1083
6379
1846
2116
5082
9496
9670
3778
8767
5024
5976
9767
3502
4997
1953
561
5063
2338
1713
6078
4560
2470
3951
2852
8669
4580
2388
9710
4350
9115
2344
4286
4102
6317
2506
8084
8083
1911
5181
7430
6777
1565
6241
2125
3425
5817
5555
1838
2465
1698
7345
8779
6088
6961
7505
8041
550
8703
8000
4818
2979
7637
326
240
414
9061
6922
4219
5142
6297
8052
2803
3895
9233
848
5787
5216
4836
3979
8422
6477
6979
3726
8817
1444
4123
1394
6066
7060
4047
2574
3520
2057
4711
3763
1932
6868
9140
3282
6027
6797
9808
3142
7991
1179
3622
419
9934
2917
2616
3939
6766
3094
5215
2725
5480
9810
9690
1963
1924
870
9702
9331
5442
3504
4722
8916
5600
9290
5490
9224
8035
5722
442
5996
4256
8729
8115
6599
3956
7196
4180
235
3585
1275
4062
3442
989
2519
2184
1871
9732
8841
5281
2966
4186
5670
727
774
9852
3843
7786
2857
9286
622
9836
5080
6831
1584
8698
6044
2626
3076
34
6838
8240
3568
2153
2222
5979
1956
1804
979
5704
2143
9274
1976
5468
2164
6075
3331
8318
8711
3047
9513
7013
8724
9244
5985
9096
2453
7412
6461
2298
4429
8340
2789
8243
5481
3717
4306
4719
6856
5198
4603
466
773
6788
4068
5899
2825
8378
5030
531
983
3791
576
5214
6634
6367
2540
5745
9788
3851
6287
5742
4525
1232
4865
3702
4352
2501
7881
4441
2060
5023
1989
1147
8995
3385
820
2582
3478
4369
5039
922
1214
6457
8905
151
2909
1221
7269
2355
4282
1111
8271
2066
1229
8054
4991
7177
2781
9859
9570
4396
25
7098
4773
7712
6100
4179
8814
9299
9111
2692
3171
6735
5209
2653
7206
936
2372
3448
262
255
5870
7612
9475
4333
5298
1007
704
9507
9844
4593
3785
1734
2262
7776
6551
3544
2686
767
7432
6938
108
7051
6134
4919
3828
7465
3907
7978
2687
4311
3948
1852
1868
721
6537
6740
9921
2351
9845
8071
2472
664
2591
1322
9678
3521
1899
447
2396
9998
6408
8847
8879
93
6737
2381
5126
9417
7896
5425
9812
8002
8627
8085
7452
1850
4782
2290
489
7915
3102
5849
8160
1795
2567
8457
6240
1218
697
7244
7733
6354
1658
6255
4436
7618
6611
7481
6225
1052
6494
5484
6531
1516
5604
9071
2288
8185
4496
4445
6493
6595
6812
1464
5164
118
6966
3053
3813
1104
8618
9397
6801
1892
4155
6101
3474
2816
1683
1370
8361
6269
7549
6273
2410
7369
7172
6466
3561
3556
181
5923
4609
8256
4374
8198
2523
9665
3250
7523
2034
2763
1912
6304
2362
4414
2783
5947
2996
2913
6082
4958
5971
2787
2955
9919
286
7439
8136
6258
5552
8952
9370
5202
5455
8129
7297
1388
4511
5864
8026
9266
2673
5201
611
6320
1142
9481
8899
3572
6389
1883
2107
1450
2375
630
451
6142
8474
9393
5460
5099
150
7163
8102
4140
8140
7227
124
9291
7045
1588
1998
6719
3610
7274
7491
6109
3512
3268
6914
2889
9724
9039
9250
7720
8057
5443
5959
4183
346
3224
3068
5872
3991
3618
3730
487
1686
416
5352
7576
8380
7381
8964
6610
5253
8051
579
9756
2155
7575
8349
4512
412
1257
9564
1729
854
5871
1500
5285
7647
8925
7944
4354
3358
3189
751
3551
8150
2434
9874
5699
3287
4427
3021
601
5421
7339
3473
9013
5180
281
7518
3492
7933
4910
3307
698
8686
1014
54
2
2706
2691
1742
8690
8166
6891
4681
2699
6107
3657
7813
5326
5240
8434
8911
8412
9469
9404
7528
5618
4482
9930
757
5686
6718
6649
5811
6978
1902
6227
2023
3989
3274
3088
4843
2251
4737
5867
887
2168
8043
5106
9708
2451
4634
730
4263
7517
7658
792
4842
5428
5645
8447
9400
6108
9941
5040
3381
5848
7967
8133
9630
3912
2247
4638
3962
8481
8584
8483
353
8912
3279
6406
9365
770
6431
4381
5361
3578
4829
8643
6932
2953
3248
8449
2532
3247
8843
9473
5797
4779
778
1625
7065
2422
9957
8353
111
9247
5642
5441
1556
6295
9695
9735
6502
5634
1607
137
3662
1269
9729
2403
6534
6264
5467
5961
9357
871
934
3213
5195
3629
6673
4129
1757
5650
8578
3855
3061
4714
7474
2642
5573
3121
1566
990
2559
2504
5693
5168
901
3475
1860
3645
9914
8667
3366
1572
2797
9253
648
2128
3827
666
3619
3545
8465
3057
962
2988
2015
1303
8369
6387
8304
6533
2332
3303
6563
4610
691
9711
3672
6110
4878
458
8061
4924
4939
9065
4100
9403
4992
3424
7200
5133
5267
1604
7131
5726
1035
8408
6212
4404
4576
5048
119
6703
5492
1999
2027
6665
8895
7094
2045
5572
6953
7501
4572
3975
5370
3338
7965
43
4158
8553
5809
6328
2577
8783
6257
6791
6980
4520
8162
2525
4874
624
7866
5068
2148
130
9982
5321
5465
772
1419
3768
1583
1150
7393
3406
8588
512
7669
236
5108
9936
8539
9538
6923
480
9489
807
252
3687
1779
9464
266
2568
1645
957
4857
3125
183
7100
7006
9617
1900
3218
8819
956
4508
6479
1057
4962
7159
6079
7680
2798
4847
7067
6183
5429
2906
2444
9833
9922
2176
8981
6053
8053
7952
660
4143
6045
3945
7199
7571
3631
8564
2318
4764
2806
1866
1984
9956
4382
4423
1098
6324
3228
2308
8962
7976
7861
4353
2946
8067
1442
7349
6177
5095
8985
7086
5836
7545
302
9951
5044
9085
2300
5982
9819
4337
2058
9252
9236
1927
6221
8751
4026
7922
6787
4089
9383
384
1628
6842
7804
6460
483
3968
8450
5045
4212
944
6879
2926
426
6162
2219
923
4093
722
7291
9078
8509
9898
4567
5014
9298
9524
3476
3524
8582
3229
1274
9773
6675
5294
5987
3232
5134
2900
107
7595
2474
6352
5814
8239
5623
1603
8143
8546
5488
9556
1867
6060
9079
4587
7874
1106
7087
8677
6896
3806
2800
3826
4750
2509
8818
9747
7856
5993
368
5559
1491
7843
9324
6198
2293
4340
4118
1755
1841
5531
4708
3342
8259
421
7949
3854
8324
7231
4355
2277
677
6496
679
393
7378
2711
8209
5057
2312
9655
9698
1307
141
4220
9047
6560
972
1920
7876
6510
8801
8415
9931
3599
261
1548
7166
2545
8861
7493
8927
7694
3169
551
7309
5649
9866
8666
6333
1266
6850
5228
9282
6411
8091
678
6467
1792
1689
417
6663
9801
1983
1586
6685
6392
8186
2827
4534
5094
3677
813
8
2838
7814
1766
6497
6858
39
168
9428
663
8918
5123
7988
5874
4487
8285
6863
5010
9661
2536
422
6277
7749
5139
3823
7936
2405
3938
1483
5249
4248
3814
8992
6793
9351
3485
1652
3015
847
8147
3459
6686
8670
863
7765
2218
9325
912
1183
9000
5012
1277
1436
7671
6743
6300
14
1946
4890
371
4855
1862
9283
4224
9462
2680
2965
222
8482
3134
3311
2336
3126
6748
2210
4867
5449
7058
6253
8613
4845
6689
7422
3680
5804
8032
1452
87
9449
735
717
6672
1859
7844
1631
9151
7569
3357
6363
2746
6436
693
7305
9035
8805
9348
1342
8253
7232
9322
5981
9476
5498
5954
5575
9230
9016
8338
2749
2049
5913
4735
2235
4097
9445
3764
8864
265
8595
269
2836
6794
7046
8561
2584
1201
4076
9302
5271
4095
307
5914
1590
8092
90
7905
3779
9074
5417
938
1935
1460
5091
6965
6413
7022
7406
3955
3371
1833
1075
357
9967
7125
2304
3752
2788
5907
4086
8554
8010
7524
6130
1615
7247
3789
2587
2671
4884
950
3905
5602
8505
1493
8967
8297
3507
6197
6782
2500
438
4872
667
5375
6023
8165
8998
6318
6861
6290
8812
4710
4546
7218
1773
4964
2665
2659
2856
2386
2612
7256
2865
6826
376
9912
8550
9749
688
3457
5949
9055
9355
7036
2342
5633
3953
9958
9335
4932
8897
5206
7278
942
5138
9077
2321
7363
7462
9157
5360
3642
8880
9450
1933
5821
6695
5577
9593
7640
4300
7887
8586
9373
4195
9029
9568
2873
112
8795
7556
8762
4663
2098
7282
199
9693
3400
9389
7594
4505
1417
7049
4635
9533
8543
9169
7055
8444
6210
4530
5227
6327
2022
6427
1180
8630
482
5571
2543
9878
1042
3
4448
3255
9215
245
1254
7149
3658
4446
5493
1369
9939
9526
843
8298
705
7661
2141
1284
8407
7306
4460
845
7873
4544
6638
5820
1837
9328
5489
2393
2129
5414
2287
2081
6920
8316
9190
2573
5364
9056
6280
4409
2092
258
723
1917
3926
7670
4793
1390
6292
1753
8672
1591
7740
8621
9288
7734
7037
514
220
167
4794
3628
86
5342
4715
5681
8983
1930
2912
5413
5728
3615
477
5731
816
7402
8479
8466
6152
1451
924
4896
8884
9582
6871
793
1996
2059
8023
6285
2784
3600
3711
7657
4850
8080
2041
8370
7383
4913
5879
1948
8372
9928
1415
7794
6742
9195
6252
1498
8647
8530
3013
7250
6947
73
9571
8402
7598
7882
8037
9167
2517
2936
6616
9580
6530
8176
1458
1380
6627
1750
3439
3849
2124
223
9014
3637
9795
8789
4154
4201
1423
9581
6063
9001
2555
3350
1156
1011
5553
8531
1908
461
7801
7872
3008
7312
2538
7862
7230
7191
3689
7688
3584
6518
7985
7204
75
9020
7140
2320
7308
209
5773
7530
8722
5059
5008
1825
5221
2020
2742
7228
8758
6036
8145
9718
9042
5007
1994
2095
2471
7639
2923
5026
856
2821
127
9177
369
1033
324
6535
2661
6763
6633
9973
8494
3167
8048
3815
51
9721
4383
3755
1400
5608
6365
7815
6674
7061
6996
2109
8030
801
6866
8374
6424
1896
8062
7677
4570
6765
2843
44
6910
7928
1568
277
3093
8432
4780
2417
3766
9994
763
7143
544
4215
3496
9937
9881
7154
7510
9478
106
4254
7682
5451
3185
8487
6274
17
8882
2908
5365
8492
6229
3897
7655
4324
479
6098
2899
5419
5965
2964
7052
4989
8607
8935
2359
4668
3327
736
903
5759
9310
7165
9884
8656
5711
9807
4819
3583
3423
9484
3090
1973
7096
1416
131
8111
1919
9992
6720
4365
4344
8405
5856
6632
6589
4363
4501
4036
7217
502
2207
6584
2000
4082
4709
7323
3026
2113
6103
3285
7543
3318
7724
9023
2259
4111
4000
6010
3278
2223
6570
8207
9722
9110
3040
4309
621
7024
6378
6853
6669
1026
8413
8469
7310
9050
9626
9088
1817
554
2828
6092
1207
8075
9191
7255
7943
5687
8106
2285
2416
5043
4421
6341
5706
3161
9146
6694
5344
8744
9679
2524
1549
4249
1882
13
5211
254
669
8082
4545
2807
9063
8314
2761
4937
5782
6862
9604
5579
6716
1158
2266
5238
140
9764
2495
1981
8865
2882
4305
3305
2147
4343
7775
1814
5149
1536
211
3343
1768
4160
2858
1578
7845
880
6556
8519
1889
7014
3075
5582
2111
5244
8484
8203
8272
1387
4693
1851
6485
1796
1020
2958
455
5255
2845
3291
2833
5011
5396
4110
2876
7555
2212
1050
8631
2139
8192
3746
3870
8719
7735
7698
3922
2185
2231
5233
7993
5420
2820
676
4920
9257
8960
4522
1418
7050
7441
4085
7980
1278
4925
9379
629
4858
9770
2513
9854
4064
7664
4153
7122
3206
3450
2875
5771
9052
5412
3471
6028
1661
2981
6146
8891
1501
3954
9575
798
3733
6709
3597
3547
899
7519
372
8229
2301
7082
1
6734
191
4315
7790
9840
9241
1975
5792
5519
5471
9226
7941
337
1251
8655
6785
7079
9723
9712
4673
2494
6163
2995
5565
6630
3227
8477
5187
836
2510
478
5581
8714
5062
6707
2854
6296
9775
6220
8098
5392
5779
8025
2036
8740
6355
9548
5151
3750
7212
21
6155
9768
9999
6410
1834
9248
6084
9391
9465
9650
3906
4481
5595
7958
623
8610
3549
5409
8036
9748
4629
282
1666
3402
9774
8549
6366
6209
749
2710
5119
6918
6401
4811
8399
9497
4462
9885
7849
63
5929
8898
947
2353
2785
2632
2370
8675
3742
5461
9911
5834
1294
1080
7303
3175
8320
9809
8348
5902
9831
6289
4331
6778
5019
2090
3703
3946
8970
4912
541
8241
6054
2286
1914
879
995
2439
7240
9694
5641
8721
7863
7627
5219
8189
3249
7916
6839
2378
7286
8750
4686
4054
2935
6580
454
2122
9459
8664
7012
5303
2140
9990
5594
1421
9067
2404
5946
9308
3289
3313
5727
8421
2518
1335
2628
8114
5395
4425
1392
7757
4191
9440
5275
4864
6034
9242
6017
1053
1794
3569
7205
1931
9865
3157
5606
9935
2554
9444
8971
9346
6971
9534
754
8959
5064
8391
1831
5694
1690
9528
2099
5003
2819
1490
3230
6851
4574
6843
9814
1351
6983
839
7626
653
6780
3868
5230
9887
9647
6680
5958
5042
8357
4264
1440
8973
3145
5846
8151
2324
5844
9601
2774
2734
4889
8822
9176
4126
2871
244
4607
8951
5990
6857
7213
4057
5263
6190
1905
888
6995
2586
3522
2837
1574
1133
7183
3465
4885
7472
5737
8733
6567
8191
758
714
8282
219
4094
5806
5073
5738
9589
358
7909
6310
8018
4647
1258
3998
7653
2089
3745
8637
744
8268
9622
2146
9725
5815
2179
4087
6741
3666
2832
5710
9297
2561
5136
2911
1185
3659
7894
152
9380
7130
799
9908
4554
8359
9923
7578
5734
2847
2079
3261
1496
5268
9742
3537
8774
1962
8375
3419
5716
659
3177
2679
4535
6568
1017
188
1564
2688
2808
8738
638
680
8074
6312
7802
8396
3129
5887
463
5542
3562
2490
2962
3060
6693
8823
2963
5534
2468
5967
2607
5104
3073
2921
1726
7019
2638
2782
355
4871
4200
1529
4691
713
6998
3885
4772
9960
806
8109
9997
66
9129
2855
6845
3856
1776
144
9304
8873
2270
2818
7245
9045
5300
5546
7372
3377
5229
867
4278
4204
3208
1108
9925
3258
3978
9343
7707
2383
5079
4993
8454
1293
5627
5006
6704
900
4899
323
2379
2602
6818
1775
8726
6284
2182
342
4669
7265
1077
8346
9466
6623
1877
9125
3712
776
4431
3548
6615
7793
7651
1858
3081
2883
1554
9686
6696
3241
7133
158
7540
1739
2202
822
1447
9254
316
7254
1443
6933
7999
2971
509
7120
5523
6037
8522
1313
9583
5748
2204
2972
1066
4601
4510
3777
2844
681
1890
988
7223
9225
399
6869
7066
6469
6640
8653
8238
2323
338
9705
267
2497
4569
3673
1121
9474
6160
7885
2430
8720
1525
9251
7780
5932
8820
4403
7990
7397
2537
1006
4285
3530
6917
9664
7923
4965
3716
388
8850
1260
7162
3783
3542
3565
3469
3179
3560
6272
6515
1270
2778
9032
1069
3997
8024
9199
1001
6065
5714
2822
292
7935
7167
1605
6181
1622
588
7093
7722
3349
8833
8034
8920
632
7395
9777
3352
15
6904
9532
5630
9193
4664
7992
5675
2385
3655
8149
340
3186
3799
5709
8600
1898
4604
3807
9141
8220
359
4707
563
2956
3277
2569
7708
6525
3147
857
4961
1621
9145
533
6974
8696
3932
8815
6522
1171
5135
8392
889
4684
9932
3194
499
395
8524
6617
1432
658
2528
4165
5778
7687
7075
9790
5179
1372
1772
6102
8775
2380
682
3848
4141
351
2718
4234
9431
5176
496
3981
7761
5505
1402
7272
6168
147
1399
4516
1782
1023
7180
5435
1518
9842
907
4935
2310
322
1679
2620
532
3079
9991
5566
6301
9959
2993
3132
4736
6478
9628
5969
8846
3803
9861
2743
1674
8451
3993
7838
4199
9358
1995
707
1029
2315
726
3480
8520
8394
3337
8131
3362
48
2337
4650
3430
6372
4591
8802
2062
5679
6399
6009
36
5270
7229
6064
9929
3839
4243
5182
8331
6490
6682
7693
3159
5688
3853
1552
6055
2623
508
5495
9634
2415
8104
9555
1049
9267
6587
9114
6359
690
9372
7558
6119
2539
3453
3974
7350
6074
8213
8716
4727
8218
4690
8768
3874
6260
6043
898
1632
7886
2802
643
620
687
5252
1803
6815
164
4336
7214
9616
7752
2630
6167
4553
701
6334
7161
5835
4755
5349
9171
3841
3095
9366
8488
2115
1894
2982
8079
7715
8011
2647
329
3720
1376
2643
2309
6122
7035
932
7692
7585
7500
2126
877
4408
8537
1476
9122
1339
9609
7456
3114
5893
2737
8039
3429
4339
6721
9610
3567
7619
8478
8792
104
4676
8989
4579
780
7971
5667
3172
2846
4349
7355
9977
9902
634
2870
3969
156
5405
8200
6
6645
1101
4108
8231
8365
7210
6795
6859
9245
7152
132
4835
9566
926
9989
3861
9271
3205
4457
1744
4946
9746
5824
3510
671
7742
6827
5324
136
5171
5549
4519
3455
7160
1555
7906
1448
288
9553
4417
8351
6984
9529
1177
9419
1527
8624
585
6175
4259
3899
9134
8587
3721
1005
748
8560
6809
6368
9733
8900
9535
6524
6773
6188
5703
1116
7910
7185
1242
3048
9559
9057
842
9228
1152
5193
6046
2675
2278
18
908
5279
415
5781
9599
3832
8152
892
1299
1791
5973
5698
8700
9407
7606
9915
939
7676
1099
810
6351
7438
4389
76
4532
7362
5338
8360
9667
646
1340
5266
4440
1634
6500
2677
2063
6096
7592
737
686
610
6395
9853
8936
9753
8293
6041
1365
8515
16
2228
2905
9880
9522
4011
2070
4623
3902
6081
6711
7689
5980
4362
642
1897
4099
1907
8888
29
9612
2915
2097
2735
2131
6968
9855
2973
6895
6606
9384
9619
7198
9653
9197
2534
7048
7921
5605
5690
2384
897
5680
476
2194
1164
1747
8725
9876
2650
7591
8443
7796
4859
1382
6860
2968
4656
7192
28
9203
3557
6865
7498
9345
7827
1993
1696
2566
3904
486
3594
2624
4756
1039
2198
4848
7638
9955
1870
2038
1977
339
1145
1947
7479
2450
6094
1637
6597
2944
5646
3959
4903
5853
7435
7709
4586
8596
8853
2441
9301
1470
2189
4583
2952
62
6967
8502
5299
3334
3410
5130
1600
386
4046
7258
3590
3798
4565
8886
6619
9706
7527
9334
9127
495
5433
9009
7798
2652
5286
8395
9659
459
6339
138
3842
7268
8753
6821
1067
391
6602
1226
4728
1366
7084
3119
8468
5116
2978
38
5199
1358
3489
6982
4146
1853
2560
9123
9623
2508
3031
598
213
5393
5389
9411
6437
8190
3256
712
7127
1925
6335
1195
733
2387
1132
4397
30
8570
7826
8177
7593
9338
7930
9264
2161
2016
3784
1140
5808
4659
4364
8267
5865
493
9152
1521
8825
7220
5383
977
2571
2605
661
1992
9565
3266
423
7434
3494
7604
8094
272
8077
4806
5348
8990
4765
7764
2169
2777
5761
5083
6314
9938
1678
5922
5840
6888
6233
8890
6238
1192
3316
8390
5588
8113
1467
1627
3879
1281
2369
2329
1677
4398
1338
4134
7589
9344
3217
4528
2311
6717
446
2003
2949
2489
2738
5254
9658
7117
1708
6700
1146
2357
9530
9886
7938
7208
3552
3135
1064
1169
7399
9121
2163
7280
7767
7044
599
5685
8463
4297
9317
9202
7998
1955
467
4287
2795
8403
7951
8251
3470
5287
6710
8216
9385
6265
1558
2592
7186
2888
3436
1494
1465
567
1643
7946
2019
4119
3525
7983
173
4289
3875
9336
9543
8310
6977
7703
9587
7089
2596
2319
840
4870
7148
9137
6886
3299
7373
2172
1601
8580
8154
5243
6205
1285
7487
9933
506
1316
759
2052
8205
9320
2668
5718
3505
2549
4407
1220
6022
7616
7288
4112
3944
5707
8230
3586
7963
9671
706
7158
5447
8510
3030
8889
6435
3276
1240
2159
439
9713
4277
4797
1528
2483
473
6315
9685
6652
3588
2881
5813
4953
1728
8110
9452
9588
6894
2166
146
6418
1473
4269
9003
5975
6671
4542
1273
7803
8367
9183
7324
68
7841
3824
148
33
4182
1311
5117
8617
1304
6929
4107
2242
5446
5878
2239
1238
1060
2345
197
3310
4222
8682
2546
4451
194
2237
8731
581
2634
2736
4458
9823
1793
5898
4196
1396
2625
2980
5620
7919
5103
4034
154
4490
2814
7284
1129
3298
3097
5774
2230
2954
9486
909
3483
1941
409
2919
9891
1216
5984
1699
1798
7129
2017
3663
7763
6912
7002
387
5829
8125
5508
7565
3273
5788
3667
9223
1165
5192
9211
3027
6445
3811
481
4007
557
2162
7287
4406
3543
7716
7762
373
4628
2462
6226
6434
8247
453
746
3163
9672
8965
3916
2897
5027
7000
5983
27
5672
6016
5752
6242
4380
2970
5410
702
4967
224
9429
2733
9727
7068
7792
6957
2083
7458
7937
5858
4387
6621
3063
4302
1940
4746
5473
6409
6105
3461
397
5537
5543
6420
1315
6796
3065
8333
9949
464
6509
2779
7404
9405
7238
1722
5071
8096
8574
1411
9633
9714
7729
7116
1968
535
5939
1725
604
4602
2941
606
3740
394
6887
8937
1763
2398
1985
8658
4022
6820
5355
5163
4524
2799
3416
7799
4766
5584
5128
8058
278
2486
6362
5957
8737
8708
6169
8398
7766
6432
184
782
982
4790
5222
8486
7043
1244
9674
1389
3333
3515
4051
614
3113
515
4536
8780
4743
6038
803
5172
8134
8906
3949
3685
6601
8773
9205
3187
3051
4288
2667
9097
4067
3984
297
4138
4265
7648
2039
2514
6676
7317
3986
3601
9117
7054
2389
6062
2033
4921
6250
4239
9716
6425
919
7895
1048
4033
9034
6690
4187
3724
8614
7277
3440
2658
4422
5517
1113
1459
3741
5504
7425
3864
7405
7151
1055
5353
6357
9427
7203
5120
5422
640
2105
3977
6990
8130
6561
3356
4292
9420
7869
7979
3290
8046
517
7003
9341
4509
603
6760
4326
8175
5903
8312
7017
2676
6282
1261
2999
7377
3952
4606
6764
5625
9591
527
8146
8473
6715
3835
2029
1174
2005
8458
4120
8810
9726
6271
2437
5776
7219
9862
7536
8592
3396
306
7366
1670
1414
3463
1290
4132
1368
2364
7850
5756
5807
881
2018
8005
2515
3181
4929
8629
4649
5469
4785
5962
5399
318
4657
2931
8697
2123
3850
9038
4827
3796
3892
2477
2939
586
7416
7970
825
6076
5673
3201
5295
637
3509
5072
4774
5637
3180
19
7621
210
809
2307
2004
6085
4652
2678
6571
5457
9412
3234
7401
383
6463
3112
4491
7499
5635
8871
9600
6907
3996
8525
291
4391
1488
753
448
536
6068
9206
5621
9734
1298
3253
3374
2752
927
8657
1213
2028
1004
5886
7333
3437
5665
8699
1787
6343
4599
2627
519
5583
6873
5269
7056
4882
940
8341
7781
4888
5656
6203
6173
8099
4237
6924
5358
3151
1210
2869
5860
4376
5086
8142
3225
8063
2013
1519
1848
2984
8536
430
1719
8915
2773
9677
3080
1668
6750
6670
6702
9192
3332
9636
7112
2862
1176
5905
8654
7134
9631
356
7076
9303
9920
4486
8448
9470
8953
3182
1654
1082
2280
7645
4192
6161
9875
1939
8921
9793
8429
3045
2759
2720
2050
9189
9237
1410
9657
3214
335
3800
4840
9124
202
6981
7726
1405
6440
4947
2548
1544
5560
5729
8977
2593
4940
4399
1617
1087
9194
3498
3787
7387
5769
6455
5935
1906
8602
6550
2394
3174
6636
6872
2454
1842
8663
1102
1636
5041
1427
2170
4762
7820
2205
9448
6200
4866
2635
9232
6236
7901
8157
4963
6712
7034
8195
2078
7926
4142
6376
5208
1503
5485
9709
786
2002
9906
1325
2121
8122
4941
1673
6483
1845
7382
5520
7699
5015
83
7114
9893
8764
3300
404
1181
9080
3319
1320
7459
6291
8424
2817
5140
7025
2713
1409
7074
1420
6407
4655
8668
6383
6484
1283
2026
4371
5901
9815
3790
6127
8713
1204
239
8575
7522
3493
5750
650
3684
4868
5273
8232
7857
4943
6723
3153
6928
5580
3966
2535
5653
2413
3415
190
8809
8100
1441
4938
6325
5320
7548
1268
5708
1575
3633
456
5988
918
3445
4444
4471
1915
9988
1982
5232
9754
5772
3744
9889
9221
6451
8095
5464
492
9082
3528
3497
7544
1651
9576
8105
2473
1507
4193
1816
3140
4079
5841
8319
1526
7840
1676
7649
8007
5055
8787
5028
2401
1630
6124
2594
8211
6371
2305
4769
42
1639
7848
7534
8969
8710
8834
1740
8280
9963
8459
8945
8987
8511
7743
2640
6532
6266
214
5837
41
8377
5334
6268
4432
4678
7121
8590
6656
3801
9040
1876
3058
6137
2570
491
2149
1143
593
8756
7316
1582
4966
9624
4246
406
6771
7925
3533
8222
8120
9086
7623
5051
5432
9837
6808
7497
3632
6655
4998
9509
1356
2682
2645
3623
5190
1557
828
2224
1477
3011
3558
6962
3005
8183
8258
1709
2476
2693
3240
3788
6151
4907
8527
9643
4270
3280
2951
9184
1712
7614
7293
933
7903
3700
6972
230
3403
9104
2051
8373
1255
3267
8641
980
6294
2354
8628
5316
6664
7202
9987
4689
7577
3443
1154
3452
243
8042
5832
182
389
2801
7371
385
5702
3935
6171
5786
7427
4643
4386
1926
4464
2775
7900
549
7124
6344
6139
1546
6492
8181
6191
948
5050
7221
7353
7108
9968
7357
9316
3638
1045
3074
5796
3265
3243
1295
8158
3044
2563
3325
374
9864
9416
555
829
1253
6083
1969
9433
9172
3219
365
9058
7495
6029
2469
4956
3042
5368
8273
2463
1691
9453
4455
5684
1780
7311
192
7147
9644
8961
656
4817
2427
8934
8562
2055
1139
4745
9805
684
20
683
2576
2283
8929
3369
336
5257
69
946
5114
6480
841
8942
6835
9220
7346
2067
6453
5049
7400
1913
2215
2048
5167
4908
6031
8829
649
2191
6042
352
5839
9284
1951
2395
6657
7322
4816
5692
8993
6600
9832
547
5632
6176
4411
3482
5076
4213
1362
5526
1109
9578
6805
8159
2341
7104
5470
7211
5855
3309
9359
7063
8636
3980
1162
9258
5998
9605
401
4500
9597
2670
4677
9603
756
1944
3579
9961
958
4717
8816
7080
271
5895
7348
9872
6603
2629
9585
3222
1626
2498
3472
2044
317
2994
1228
2664
1949
4428
1687
595
9491
8029
6165
8208
8512
4740
1758
4595
4125
238
7697
503
3064
8124
3467
7031
827
2927
3844
1091
8963
9356
9155
1865
3903
3985
6311
3965
906
3091
4211
9950
2622
1328
8404
5430
7290
762
3890
1723
8184
1305
305
3682
1672
5085
6678
7088
3345
7888
2367
1200
2663
931
4148
7285
9944
594
6681
8855
5866
6724
2461
4898
4822
8743
837
9186
5696
5521
5598
9745
8137
5237
4808
6546
3411
9843
5960
418
7376
434
8101
5416
4413
8687
3123
8226
5941
9500
8508
2221
3582
6059
5152
264
568
4527
4788
276
928
8997
9594
5795
781
9487
65
708
9512
1659
7824
8438
7924
32
5991
9822
9691
1510
2604
6104
9185
432
2940
8144
9006
3635
1857
7471
832
3919
2150
731
2849
2826
2762
9364
2860
4611
6973
644
7753
8648
4777
4877
5109
4071
5427
1040
1225
8210
2412
4218
945
2084
7115
7478
5357
3086
7678
2511
7004
8776
4012
6465
9213
6626
4718
3651
914
382
1704
3477
9827
9218
8440
2950
3082
8193
1715
9523
5767
4548
5231
6506
6337
3747
4987
9900
8078
4954
4561
8999
1843
4902
5757
427
3863
2349
6790
4475
1172
6925
1567
6798
2771
4540
1310
3769
7652
516
101
507
4169
3244
2186
3018
5203
3732
4244
103
2144
1990
2598
3033
5177
3335
9834
9156
1535
7332
9574
6738
1211
4636
4928
1891
8514
5801
6263
8500
8270
1710
7102
1748
5367
8435
5564
6186
4573
3344
2960
7329
6646
5607
3511
8946
9295
4225
5301
5385
1904
4245
3286
8526
7484
1835
3880
1262
2466
3479
3034
1073
5477
5452
3886
2085
129
2974
8615
5107
8848
5191
205
5098
3103
1732
3937
1393
1657
3207
2010
2120
475
126
9703
8948
3819
7969
2829
1749
1300
7475
3203
3775
6529
6753
8881
8017
8605
3346
5626
6002
7023
7853
3146
274
3834
9447
6470
7184
5908
4252
257
8445
6552
3577
1234
4472
6987
6374
7974
9641
4008
2314
1331
7442
2457
6943
7784
869
7207
5766
2740
9165
2851
4
8732
2040
2485
2644
866
7032
2371
9480
6762
6170
2884
3078
444
9276
5660
5823
6244
4073
6527
8563
8943
5081
2419
7675
2748
9217
9638
7302
3257
6825
3914
7789
8174
4724
4695
7178
7506
3793
3233
7535
1684
203
8072
1649
3212
6572
3120
6837
8086
3012
7654
6115
3896
9168
5356
9381
5
5129
3786
9863
6804
1381
3271
2269
172
4753
999
228
9279
4641
6488
5507
47
2426
1511
3641
4231
9786
1785
4515
6643
4321
1263
3308
6380
149
2053
4621
6433
566
9954
3871
2839
8292
9595
6476
3466
364
9392
3000
6323
4748
3845
4589
7559
3056
7934
5799
838
3917
915
3160
6975
8571
894
1148
8680
7419
1243
6033
821
2942
5345
5001
40
3407
7410
1341
7646
6562
1765
6298
6732
1681
5868
7584
6574
9518
59
3564
5372
7825
2747
3873
5512
8260
5056
9910
195
9684
4325
8315
1343
5166
7095
4917
8766
7038
7511
3867
9219
9632
1972
7155
3901
1472
6345
9018
2021
8228
6624
8003
1761
3204
8917
8771
826
1486
6547
5408
6503
3626
2731
7617
3361
10
4730
766
7083
6768
9102
5597
5719
2786
1872
4024
5426
1094
7325
3046
7948
7146
4029
5458
1692
1594
6618
1062
526
6727
2456
7912
2331
105
7321
2558
1612
6211
5143
3736
7136
3860
344
6844
4955
9838
3887
4807
8244
9109
5157
4351
8470
5346
9873
2809
4253
2183
1047
3596
5052
9369
6303
1323
9278
2352
5661
505
883
9098
1561
1021
9882
4537
1306
2296
4163
6834
4585
709
4426
5775
8325
5638
2867
2702
6650
7890
5953
7299
1249
1138
1840
8623
8252
3395
420
3456
4372
6456
6336
2723
3426
8839
7386
6487
3656
8922
3170
6430
1078
9210
1324
3869
4543
6011
7883
5952
1487
1629
5158
6566
965
1714
9993
5066
155
3460
7750
3098
5234
8785
1153
8225
6573
5183
4379
1777
771
7135
3523
1296
6302
4250
3152
4018
9598
3486
9377
3943
4662
2101
7538
9697
1774
6422
1799
966
6051
4293
5424
7755
3774
1480
4849
5000
3840
5511
5306
4828
1861
4405
4881
6113
7030
9046
1189
9084
613
9281
2815
2794
4341
9549
3847
7907
4734
7997
6964
4395
7482
8616
7521
8223
4825
1178
578
627
4981
2316
4456
3023
4846
1517
3539
8604
4323
82
8806
5589
8281
3270
7568
6604
6184
6913
3137
153
575
8153
4329
6164
4674
9305
4906
4257
9996
4876
8126
8295
2989
7473
5292
5377
4055
808
4375
4824
5525
4809
9492
1720
2197
1821
4521
8556
7837
22
3751
8014
3526
7490
6757
2811
5568
1653
1533
9312
5753
433
1061
6442
7842
7320
2130
7028
6222
2697
7908
2467
9806
7529
7264
874
615
311
6729
4454
1385
7650
7964
2248
6882
7588
1288
1874
4869
4568
263
6020
6246
163
6428
5031
3664
8842
2764
6144
1479
6578
4063
3559
9434
8471
9418
4562
6417
504
7668
2346
8688
3646
1783
8296
7059
3674
3797
3028
6390
6608
9888
9026
2073
5487
2425
7073
7328
7365
85
645
1097
6806
5479
7176
8893
3020
1746
3817
5666
440
6614
9895
4092
9699
2578
2114
556
6592
3805
4161
7572
7010
4959
408
3178
7361
8568
4493
4258
7300
3821
2772
6218
9903
3447
5942
3884
7615
9905
4559
3829
4498
6564
1059
7408
9569
5264
3383
904
9985
7679
9495
5802
7461
7279
824
3921
9567
1901
1072
6319
7542
1439
1839
100
3324
298
6005
6228
2356
3376
9294
7875
7891
1589
789
9829
8476
7209
896
3762
3283
2770
4988
6489
4830
5310
3771
1986
4188
1721
5966
5288
3293
4346
886
9090
5539
5404
2864
9426
4670
1669
1027
2211
1173
7107
1618
9654
5601
5207
8307
4972
4506
1551
3328
1967
7338
2374
9560
7005
2209
7384
8317
6988
1230
1790
3587
3462
1611
7168
9515
4592
9041
5204
794
1051
3694
2335
4045
6159
1076
7918
9953
8049
5323
580
8765
7710
5556
5838
7443
3211
1663
2986
4696
9477
9584
9738
8558
9501
9511
9472
5307
5847
6133
3634
128
4115
1022
6855
2910
4478
8555
7547
1703
8387
1646
6931
2428
4359
955
9750
4468
2703
2493
9089
9113
2681
1847
109
5780
2117
5411
1377
1457
2411
5283
4280
314
2054
3503
641
8626
3957
5912
8645
6158
3802
8164
9516
873
8528
9402
9353
2421
9737
7962
4911
280
2609
9265
6446
8170
3398
9761
6143
9635
3262
5089
9437
3085
1735
3920
9781
7444
5439
760
6189
5362
9435
3734
1271
6687
204
8266
9646
1426
8734
9796
7756
4675
7464
1309
3933
2928
2698
3690
8248
4080
4815
592
61
5918
3749
7828
441
5317
4982
9277
4801
2258
8073
1485
4660
1233
2552
5260
2208
4683
7605
8947
5951
7631
8059
5340
3111
8417
591
7972
7446
3648
9222
8826
7956
2206
5701
3216
7636
3669
4518
5783
4330
7945
696
4742
89
7132
7248
9158
4268
7902
2343
9978
6235
1504
5327
2947
6901
9696
1125
785
6950
1265
8635
6179
1961
4863
6138
4060
7719
5047
3846
1864
3529
3059
8975
5843
8872
7684
8836
1259
1009
3862
2391
6609
655
9120
8425
98
689
2715
9036
4378
3401
9776
5197
3148
8781
1717
5691
6651
494
2252
1092
6086
5950
9728
1344
8799
5115
8715
1613
3514
7106
9101
7968
234
4184
6807
8978
3032
8684
1923
6908
1800
4752
5236
4831
3692
4523
7480
9817
3446
3625
9537
7234
6293
8437
462
431
1694
7391
5319
5664
2133
8741
5450
6688
8499
8322
1570
6039
8344
574
1070
4435
8790
3392
9540
345
2813
7414
2326
1038
6736
7189
8179
2901
518
9091
9811
4236
1830
9983
3883
4207
7995
9579
9100
529
9246
4156
8339
9846
5097
4971
327
9717
4771
5313
1505
403
612
7601
3364
2328
5612
2281
8257
4613
2137
9011
7771
165
584
3513
6499
9730
8495
9498
9012
7745
5859
3360
97
7550
6361
6360
215
8633
1404
1247
6193
3412
3259
868
5122
7778
5397
6890
4789
5388
4922
5090
8824
8763
7603
1675
6128
5794
7139
1502
6999
1088
3516
1770
5994
4255
521
4813
7898
1530
7261
5153
1424
6182
5147
5002
9106
9743
7420
3898
5882
2553
4979
4467
7138
8117
3679
2327
2047
2879
9105
8793
8262
8984
9339
3341
6582
2409
734
4251
2180
5741
7633
7966
8261
3192
9499
189
5161
9044
7053
4469
8089
3043
5145
8639
5861
5402
7156
5828
260
1706
2077
9314
5551
5992
4918
9460
3681
1215
3294
1378
5274
2249
1471
5916
4514
8212
1187
2709
4283
4474
6659
4914
9008
6541
619
7832
3193
9207
7016
1461
4983
8548
2987
6569
4294
5394
9867
3756
4338
2261
293
9131
2621
1430
4318
2918
860
7959
9451
3354
249
7409
2350
4473
7748
3761
1282
2863
6067
835
4698
4320
8456
1015
6958
7823
4070
3727
7607
7396
974
2418
5978
2757
929
8868
1031
2997
7557
1823
4594
546
9785
7057
3438
2841
5328
2969
4758
2007
4159
4529
3355
7570
9332
5013
3878
9455
113
7855
9149
8597
4077
2683
1960
5276
2590
6832
4563
4588
865
7939
9871
6906
3773
553
3737
5096
1635
6136
3620
6783
5669
9586
6458
5078
9995
6903
2562
5454
9143
3593
9803
1489
8439
7483
4205
7870
3630
250
523
8419
4503
7672
5676
9688
3378
5944
9388
4002
1383
5386
2859
9946
474
9139
2842
5921
5963
7307
6330
7711
625
1563
3312
2521
5332
878
5733
7955
4949
5053
4314
7561
4014
1700
2977
3069
7821
3665
3960
3314
7871
253
3188
9544
4713
2529
4494
8342
1938
2442
2646
2119
472
9847
2268
1560
4433
8910
70
2619
3304
5170
7001
732
436
5101
1697
7629
3781
8107
5972
5186
8493
617
7342
3872
7380
4802
7492
4003
2156
1614
4122
5459
1754
590
9201
3221
3794
7128
609
2339
55
1970
8507
6662
9107
1980
7292
4688
1662
122
332
5067
2103
695
3292
9858
9669
2824
6828
2790
8858
4001
1916
2226
5333
6185
4227
8938
5336
2961
2009
9573
333
8788
4784
2424
5522
6077
7225
4926
9502
2274
1481
7463
6935
9033
6089
9715
9841
8321
5005
6867
5373
6800
572
976
9103
5225
3941
3723
804
7705
8692
4303
1446
4701
6847
7696
5770
5112
4630
583
3636
3718
3404
5506
2507
2531
1813
1514
449
7835
7110
9479
5437
9668
1596
5369
8300
2990
7263
3820
285
9969
8093
7723
8060
8355
7787
5118
8976
2750
7659
674
911
3390
5827
4459
7531
4942
6631
4133
2088
7520
3236
8870
577
7194
8411
5940
7359
1391
1743
4168
4642
5125
9701
8755
4916
7334
8284
2600
6722
8219
425
8217
9824
1781
1811
4485
5261
4136
3495
9024
7927
9625
102
